4111971.68834	3.5217
4111971.68834	3.5217
4139959.38552	3.29565
4139959.38552	3.29565
4163487.54008	3.26992
4163487.54008	3.26992
6105912.37506	1.76315
6105912.37506	1.76315
1.17026E7	2.93933
1.17026E7	2.93933
1.19364E7	3.0103
1.19364E7	3.0103
1.20797E7	3.0474
1.20797E7	3.0474
1.22988E7	2.26847
1.22988E7	2.26847
1.25079E7	2.68108
1.25079E7	2.68108
1.58316E7	1.96599
1.58316E7	1.96599
1.59803E7	1.94306
1.59803E7	1.94306
1.61272E7	1.95877
1.61272E7	1.95877
1.65797E7	3.2053
1.65797E7	3.2053
1.73292E7	2.7536
1.73292E7	2.7536
1.76996E7	2.9994
1.76996E7	2.9994
1.77361E7	2.8864
1.77361E7	2.8864
1.80888E7	3.16591
1.80888E7	3.16591
1.95168E7	2.59803
1.95168E7	2.59803
1.97496E7	2.61578
1.97496E7	2.61578
2.00132E7	2.42888
2.00132E7	2.42888
2.02867E7	2.91176
2.02867E7	2.91176
2.0955E7	1.32027
2.0955E7	1.32027
2.10425E7	4.1805
2.10425E7	4.1805
2.19955E7	4.13317
2.19955E7	4.13317
2.25432E7	1.79523
2.25432E7	1.79523
2.28996E7	3.99369
2.28996E7	3.99369
2.29666E7	1.69925
2.29666E7	1.69925
2.31046E7	2.6514
2.31046E7	2.6514
2.31285E7	2.12748
2.31285E7	2.12748
2.33172E7	4.07015
2.33172E7	4.07015
2.33337E7	2.28048
2.33337E7	2.28048
2.3424E7	2.80794
2.3424E7	2.80794
2.3435E7	1.68147
2.3435E7	1.68147
2.35721E7	1.33703
2.35721E7	1.33703
2.36774E7	2.15664
2.36774E7	2.15664
2.36853E7	2.84321
2.36853E7	2.84321
2.38143E7	3.78337
2.38143E7	3.78337
2.39372E7	2.46745
2.39372E7	2.46745
2.3941E7	2.64563
2.3941E7	2.64563
2.39515E7	3.95807
2.39515E7	3.95807
2.40841E7	3.01012
2.40841E7	3.01012
2.41299E7	1.66194
2.41299E7	1.66194
2.41629E7	3.1907
2.41629E7	3.1907
2.42758E7	2.5111
2.42758E7	2.5111
2.43511E7	1.67285
2.43511E7	1.67285
2.43648E7	2.05151
2.43648E7	2.05151
2.43857E7	3.34207
2.43857E7	3.34207
2.44819E7	1.2922
2.44819E7	1.2922
2.45443E7	3.646
2.45443E7	3.646
2.46189E7	3.11142
2.46189E7	3.11142
2.47059E7	3.87678
2.47059E7	3.87678
2.47696E7	1.69676
2.47696E7	1.69676
2.48869E7	3.12178
2.48869E7	3.12178
2.51256E7	0.55878
2.51256E7	0.55878
2.51659E7	1.74582
2.51659E7	1.74582
2.52866E7	0.59222
2.52866E7	0.59222
2.5362E7	1.38696
2.5362E7	1.38696
2.54307E7	0.66758
2.54307E7	0.66758
2.55122E7	0.62897
2.55122E7	0.62897
2.5531E7	1.96725
2.5531E7	1.96725
2.56256E7	0.67512
2.56256E7	0.67512
2.56661E7	3.61126
2.56661E7	3.61126
2.58009E7	3.65809
2.58009E7	3.65809
2.59003E7	3.61709
2.59003E7	3.61709
2.59221E7	1.62573
2.59221E7	1.62573
2.59239E7	3.58978
2.59239E7	3.58978
2.59627E7	3.59995
2.59627E7	3.59995
2.59749E7	3.53295
2.59749E7	3.53295
2.59877E7	3.58106
2.59877E7	3.58106
3.16845E7	2.05251
3.16845E7	2.05251
3.19763E7	1.79669
3.19763E7	1.79669
3.21961E7	1.87539
3.21961E7	1.87539
3.24363E7	1.70007
3.24363E7	1.70007
3.25603E7	1.25433
3.25603E7	1.25433
3.26497E7	1.03583
3.26497E7	1.03583
3.27054E7	1.402
3.27054E7	1.402
3.38146E7	2.02545
3.38146E7	2.02545
3.39647E7	2.76941
3.39647E7	2.76941
3.46786E7	3.40148
3.46786E7	3.40148
3.50056E7	2.09987
3.50056E7	2.09987
3.62226E7	2.3447
3.62226E7	2.3447
3.73243E7	0.46871
3.73243E7	0.46871
3.73884E7	2.55486
3.73884E7	2.55486
3.74485E7	0.45461
3.74485E7	0.45461
3.75103E7	0.50495
3.75103E7	0.50495
3.75823E7	0.40937
3.75823E7	0.40937
3.76235E7	0.51524
3.76235E7	0.51524
3.79989E7	3.37944
3.79989E7	3.37944
3.84455E7	3.35602
3.84455E7	3.35602
3.92781E7	3.33827
3.92781E7	3.33827
9.58519E7	1.86401
9.58519E7	1.86401
9.6774E7	1.76756
9.6774E7	1.76756
1.0286E8	1.51535
1.0286E8	1.51535
1.04096E8	1.31301
1.04096E8	1.31301
1.05195E8	1.35394
1.05195E8	1.35394
1.06744E8	2.00952
1.06744E8	2.00952
1.08376E8	1.94335
1.08376E8	1.94335
1.08936E8	1.81278
1.08936E8	1.81278
1.10013E8	1.89815
1.10013E8	1.89815
1.11644E8	2.04032
1.11644E8	2.04032
1.13169E8	1.90387
1.13169E8	1.90387
1.20331E8	2.58073
1.20331E8	2.58073
1.29141E8	2.50019
1.29141E8	2.50019
1.29167E8	2.55995
1.29167E8	2.55995
1.29176E8	2.73475
1.29176E8	2.73475
1.34894E8	2.75994
1.34894E8	2.75994
1.34997E8	2.8146
1.34997E8	2.8146
1.35109E8	2.7685
1.35109E8	2.7685
1.35209E8	2.75721
1.35209E8	2.75721
1.08812E9	0.32416
1.08812E9	0.32416
1.09093E9	0.47357
1.09093E9	0.47357
1.09355E9	0.57923
1.09355E9	0.57923
1.09643E9	0.49199
1.09643E9	0.49199
1.09794E9	0.39684
1.09794E9	0.39684
1.09941E9	0.54538
1.09941E9	0.54538
1.10149E9	0.42197
1.10149E9	0.42197
1.1025E9	0.55836
1.1025E9	0.55836
1.10478E9	0.49639
1.10478E9	0.49639
1.10568E9	0.5954
1.10568E9	0.5954
1.10833E9	0.45467
1.10833E9	0.45467
1.11196E9	0.44833
1.11196E9	0.44833
1.11566E9	0.55244
1.11566E9	0.55244
1.11943E9	0.57412
1.11943E9	0.57412
1.2811E9	0.06323
1.2811E9	0.06323
1.28126E9	0.05399
1.28126E9	0.05399
1.28145E9	0.04158
1.28145E9	0.04158
1.28166E9	0.04161
1.28166E9	0.04161
1.28191E9	0.05272
1.28191E9	0.05272
1.28217E9	0.05375
1.28217E9	0.05375
1.2825E9	0.03939
1.2825E9	0.03939
1.2958E9	0.05817
1.2958E9	0.05817
1.2961E9	0.07115
1.2961E9	0.07115
1.29639E9	0.07828
1.29639E9	0.07828
1.29672E9	0.05708
1.29672E9	0.05708
1.29707E9	0.06438
1.29707E9	0.06438
1.29742E9	0.06616
1.29742E9	0.06616
1.29778E9	0.12219
1.29778E9	0.12219
1.57886E9	0.04694
1.57886E9	0.04694
1.58234E9	0.03517
1.58234E9	0.03517
1.58359E9	0.05735
1.58359E9	0.05735
1.58621E9	0.0403
1.58621E9	0.0403
1.58724E9	0.10329
1.58724E9	0.10329
1.59953E9	0.02157
1.59953E9	0.02157
1.60333E9	0.02848
1.60333E9	0.02848
1.60668E9	0.03086
1.60668E9	0.03086
1.61013E9	0.0243
1.61013E9	0.0243
1.6135E9	0.05434
1.6135E9	0.05434
1.79327E9	0.04908
1.79327E9	0.04908
1.79739E9	0.03993
1.79739E9	0.03993
1.80203E9	0.05034
1.80203E9	0.05034
1.81479E9	0.02718
1.81479E9	0.02718
1.81989E9	0.02267
1.81989E9	0.02267
1.82447E9	0.03319
1.82447E9	0.03319
1.82927E9	0.02354
1.82927E9	0.02354
1.83404E9	0.04917
1.83404E9	0.04917
1.90316E9	0.02608
1.90316E9	0.02608
1.90697E9	0.01825
1.90697E9	0.01825
1.9107E9	0.0167
1.9107E9	0.0167
1.91147E9	0.03066
1.91147E9	0.03066
1.91252E9	0.01186
1.91252E9	0.01186
1.91352E9	0.01502
1.91352E9	0.01502
1.91434E9	0.0193
1.91434E9	0.0193
1.91791E9	0.01683
1.91791E9	0.01683
1.9214E9	0.02044
1.9214E9	0.02044
1.9248E9	0.02238
1.9248E9	0.02238
1.92813E9	0.02463
1.92813E9	0.02463
1.93122E9	0.01989
1.93122E9	0.01989
1.93455E9	0.02026
1.93455E9	0.02026
1.96198E9	0.07586
1.96198E9	0.07586
1.96298E9	0.03267
1.96298E9	0.03267
1.96708E9	0.04184
1.96708E9	0.04184
1.96743E9	0.08315
1.96743E9	0.08315
1.97167E9	0.04372
1.97167E9	0.04372
1.97233E9	0.07484
1.97233E9	0.07484
1.97747E9	0.06421
1.97747E9	0.06421
1.98259E9	0.12646
1.98259E9	0.12646
1.98422E9	0.02564
1.98422E9	0.02564
1.98901E9	0.02987
1.98901E9	0.02987
1.99328E9	0.02347
1.99328E9	0.02347
1.99773E9	0.02894
1.99773E9	0.02894
2.00213E9	0.05037
2.00213E9	0.05037
2.06752E9	0.0697
2.06752E9	0.0697
2.06917E9	0.05447
2.06917E9	0.05447
2.07076E9	0.0335
2.07076E9	0.0335
2.07228E9	0.0527
2.07228E9	0.0527
2.07374E9	0.04751
2.07374E9	0.04751
2.07512E9	0.0568
2.07512E9	0.0568
2.07644E9	0.05222
2.07644E9	0.05222
2.0777E9	0.06084
2.0777E9	0.06084
2.07888E9	0.05994
2.07888E9	0.05994
2.07994E9	0.05234
2.07994E9	0.05234
2.08104E9	0.05367
2.08104E9	0.05367
2.1086E9	0.01624
2.1086E9	0.01624
2.10998E9	0.02221
2.10998E9	0.02221
2.11118E9	0.02264
2.11118E9	0.02264
2.11243E9	0.02228
2.11243E9	0.02228
2.11365E9	0.02011
2.11365E9	0.02011
2.11483E9	0.02347
2.11483E9	0.02347
2.17204E9	0.11874
2.17204E9	0.11874
2.17283E9	0.07769
2.17283E9	0.07769
2.17369E9	0.02026
2.17369E9	0.02026
2.17446E9	0.05809
2.17446E9	0.05809
2.28342E9	0.07103
2.28342E9	0.07103
2.28483E9	0.10742
2.28483E9	0.10742
2.29454E9	0.1015
2.29454E9	0.1015
2.29581E9	0.04797
2.29581E9	0.04797
2.29712E9	0.08951
2.29712E9	0.08951
2.29755E9	0.0481
2.29755E9	0.0481
2.29826E9	0.07437
2.29826E9	0.07437
2.29856E9	0.02027
2.29856E9	0.02027
2.29961E9	0.02026
2.29961E9	0.02026
2.30071E9	0.02522
2.30071E9	0.02522
2.30184E9	0.07877
2.30184E9	0.07877
2.30302E9	0.09421
2.30302E9	0.09421
2.30423E9	0.07853
2.30423E9	0.07853
2.30455E9	0.10937
2.30455E9	0.10937
2.30549E9	0.0814
2.30549E9	0.0814
2.30647E9	0.04181
2.30647E9	0.04181
2.30748E9	0.06023
2.30748E9	0.06023
2.30853E9	0.04502
2.30853E9	0.04502
2.30961E9	0.08528
2.30961E9	0.08528
2.31073E9	0.08216
2.31073E9	0.08216
2.45282E9	0.12691
2.45282E9	0.12691
2.45631E9	0.09308
2.45631E9	0.09308
2.45972E9	0.09132
2.45972E9	0.09132
2.46149E9	0.04738
2.46149E9	0.04738
2.46305E9	0.08877
2.46305E9	0.08877
2.46451E9	0.04396
2.46451E9	0.04396
2.46629E9	0.10382
2.46629E9	0.10382
2.46745E9	0.04168
2.46745E9	0.04168
2.46946E9	0.10051
2.46946E9	0.10051
2.4703E9	0.04895
2.4703E9	0.04895
2.47253E9	0.09636
2.47253E9	0.09636
2.47306E9	0.05095
2.47306E9	0.05095
2.47371E9	0.02958
2.47371E9	0.02958
2.47452E9	0.02075
2.47452E9	0.02075
2.47527E9	0.01845
2.47527E9	0.01845
2.47553E9	0.09334
2.47553E9	0.09334
2.47574E9	0.05188
2.47574E9	0.05188
2.47828E9	0.10755
2.47828E9	0.10755
2.47833E9	0.05028
2.47833E9	0.05028
2.48084E9	0.05489
2.48084E9	0.05489
2.48125E9	0.08942
2.48125E9	0.08942
2.48315E9	0.04329
2.48315E9	0.04329
2.48561E9	0.04591
2.48561E9	0.04591
2.8946E9	0.09211
2.8946E9	0.09211
2.89482E9	0.0683
2.89482E9	0.0683
2.8951E9	0.05932
2.8951E9	0.05932
2.8954E9	0.08885
2.8954E9	0.08885
2.89579E9	0.08973
2.89579E9	0.08973
2.90254E9	0.06547
2.90254E9	0.06547
2.90317E9	0.05882
2.90317E9	0.05882
2.90377E9	0.06462
2.90377E9	0.06462
2.90444E9	0.0749
2.90444E9	0.0749
2.90515E9	0.06039
2.90515E9	0.06039
2.91087E9	0.09208
2.91087E9	0.09208
2.91088E9	0.08142
2.91088E9	0.08142
2.91094E9	0.05809
2.91094E9	0.05809
2.91484E9	0.07873
2.91484E9	0.07873
2.91486E9	0.08847
2.91486E9	0.08847
2.91486E9	0.07858
2.91486E9	0.07858
2.91491E9	0.09002
2.91491E9	0.09002
2.91492E9	0.08085
2.91492E9	0.08085