Obs	Band	Date	Frequency	Theta_rad	Theta_rad_err	Theta_mas	Theta_mas_err	Y0	Y0_err	A0	A0_err
RAES03AA	C	2012-04-27	4828	5.62382E-10	6.04387E-12	0.116	0.001	0	0	1.8247	0.01301
RAES03AB	C	2012-04-28	4828	8.22309E-10	3.7836E-11	0.170	0.008	0	0	1.41168	0.01634
RAES03FW	C	2012-11-19	4828	3.10599E-09	9.65135E-10	0.641	0.199	0.04239	0.00535	2.34019	0.29095
RAES03FW	L	2012-11-19	1668	2.3604E-09	3.56568E-11	0.487	0.007	0	0	1.6501	0.00562
RAES03P	C	2012-04-04	4828	1.19785E-09	8.62921E-11	0.247	0.018	0	0	3.60793	0.05398
RAES03Q	C	2012-04-05	4828	1.56272E-08	3.43101E-09	3.224	0.708	0.49377	0.01378	4.43376	0.4065
RAES03RD	C	2013-04-14	4828	7.26224E-10	3.72413E-11	0.150	0.008	0	0	1.85275	0.02464
RAES03RL	C	2013-04-21	4828	9.66955E-10	1.33641E-11	0.199	0.003	0	0	2.59963	0.01554
RAES03RL	K	2013-04-21	22236	1.83899E-10	1.32004E-12	0.038	0.000	0	0	1.63149	0.01014
RAES03RO	C	2013-04-22	4828	7.89215E-10	6.40822E-11	0.163	0.013	0	0	1.23212	0.03389
RAES03RW	C	2013-04-26	4828	1.41295E-08	1.01726E-09	2.915	0.210	0.0778	0.04877	3.0888	0.10607
RAKS01IQ	C	2013-11-09	4828	8.61292E-09	1.02324E-09	1.777	0.211	0.13329	0.00619	4.16006	1.1112
RAKS01IQ	L	2013-11-09	1668	2.06536E-09	7.40246E-10	0.426	0.153	0.05294	0.03964	1.50253	0.0346
RAKS01VM	K	2014-03-13	22236	2.65139E-08	8.64931E-11	5.470	0.018	0.03802	0.00347	4.4	0
RAKS01VT	K	2014-03-16	22236	8.95981E-10	3.2942E-11	0.185	0.007	0.05797	0.00439	1	0
RAKS01XF	C	2014-03-27	4828	1.21288E-09	7.47005E-12	0.250	0.002	0	0	1.83305	0.01003
RAKS01XF	K	2014-03-27	22236	2.15755E-10	6.1343E-12	0.045	0.001	0	0	1.91572	0.0587
RAKS01XX	C	2014-04-03	4828	5.90032E-10	4.85193E-11	0.122	0.010	0	0	1.27523	0.05786
RAKS01ZM	C	2014-04-18	4828	3.69651E-10	6.03924E-11	0.076	0.012	0	0	0.96919	0.06971
RAKS01ZM	K	2014-04-18	22236	7.31067E-11	2.62181E-12	0.015	0.001	0	0	0.89711	0.01888
RAKS08JE	C	2014-12-09	4828	3.52111E-09	1.51234E-10	0.727	0.031	0.17584	0.01156	1.74933	0.02522
RAKS08JM	C	2014-12-12	4828	1.69655E-08	1.15609E-09	3.500	0.239	0	0	1.76527	0.05572
RAKS08JM	L	2014-12-12	1668	1.10017E-08	2.68306E-10	2.270	0.055	0	0	1.77563	0.02369
RAKS08JQ	C	2014-12-14	4828	5.18543E-10	5.13917E-11	0.107	0.011	0	0	1.45163	0.04027
RAKS08JQ	K	2014-12-14	22236	1.13673E-10	4.43679E-12	0.023	0.001	0	0	2.90142	0.03156
RAKS08JV	C	2014-12-15	4828	2.94307E-09	1.04128E-10	0.607	0.021	0.09049	0.01171	2.20529	0.02204
RAKS08TO	C	2015-03-27	4828	5.70212E-10	3.16049E-11	0.118	0.007	0	0	2.05241	0.04349
RAKS08TO	K	2015-03-27	22236	1.08678E-10	1.16658E-12	0.022	0.000	0	0	1.43303	0.01633
RAKS08UR	C	2015-04-03	4828	4.3433E-09	9.69029E-10	0.896	0.200	0	0	2.24619	0.0169
RAKS08VQ	C	2015-04-15	4828	1.52216E-09	6.13577E-11	0.314	0.013	0.01924	0.0376	2.90611	0.02939
RAKS08VQ	K	2015-04-15	22236	2.20072E-10	4.10247E-12	0.045	0.001	0	0	0.78309	0.01369
RAKS12EV	C	2015-11-06	4828	7.88429E-10	1.36943E-11	0.163	0.003	0	0	1.60141	0.02278
RAKS12GQ	L	2015-11-17	1668	1.89052E-09	3.92812E-11	0.390	0.008	0	0	1.31826	0.01586
RAKS12HU	C	2015-11-30	4828	8.17995E-10	1.53379E-11	0.169	0.003	0	0	1.31255	0.01782
RAKS12HX	C	2015-12-01	4828	7.86417E-10	1.87104E-11	0.162	0.004	0	0	1.28628	0.01915
RAKS12JM	C	2015-12-20	4828	7.81781E-10	6.22443E-12	0.161	0.001	0	0	1.44902	0.00589
RAKS12JM	K	2015-12-20	22236	1.50768E-10	1.01812E-12	0.031	0.000	0	0	0.40262	0.00343
RAKS12LF	K	2016-01-08	22236	1.31306E-10	5.24001E-12	0.027	0.001	0	0	1.24768	0.03422
RAKS12SY	C	2016-03-29	4828	7.29859E-10	7.64906E-12	0.151	0.002	0	0	1.26128	0.01474
RAKS12SY	K	2016-03-29	22236	1.48906E-10	1.89217E-12	0.031	0.000	0	0	0.82309	0.01119
RAKS12TF	L	2016-04-01	1668	1.50519E-08	9.47386E-10	3.106	0.195	0.05906	0.00166	0.77602	0.02733
RAKS12UA	K	2016-04-07	22236	2.17621E-10	1.5461E-11	0.045	0.003	0	0	1.35047	0.03611
RAKS12UN	K	2016-04-13	22236	1.39527E-10	1.31019E-11	0.029	0.003	0	0	1.39374	0.04673
RAKS12UO	L	2016-04-14	1668	4.78266E-08	5.28942E-09	9.866	1.091	0.10932	0.01206	2.00035	0.03257
RAKS12UX	C	2016-04-19	4828	5.21534E-09	1.57896E-09	1.076	0.326	0.09566	0.00745	1.358	0.0367
RAKS12VB	C	2016-04-23	4828	3.15678E-09	1.40183E-10	0.651	0.029	0.13036	0.05749	10.75952	0.15686
RAKS12VB	K	2016-04-23	22236	3.38472E-10	2.93202E-08	0.070	0.006	0.18048	0.05298	0.64278	0.02876
RAKS12VC	C	2016-04-24	4828	2.785E-09	2.58159E-10	0.575	0.053	0.32904	0.0187	1.03205	0.03393
RAKS12VI	C	2016-04-28	4828	6.13536E-10	1.76564E-12	0.127	0.000	0	0	2.02101	0.00436
RAKS16CP	C	2016-11-07	4828	1.69941E-08	1.86887E-10	3.506	0.039	0	0	2.21781	0.01052
RAKS16CS	C	2016-11-10	4828	3.79462E-10	1.04305E-11	0.078	0.002	0	0	0.17571	0.00397
RAKS16CU	C	2016-11-11	4828	1.03757E-09	4.23953E-11	0.214	0.009	0	0	0.65243	0.02292
RAKS16CU	K	2016-11-11	22236	2.16095E-10	2.61387E-12	0.045	0.001	0	0	1.23322	0.02347
RAKS16FU	C	2016-12-09	4828	6.9613E-10	1.52711E-11	0.144	0.003	0	0	1.30269	0.01621
RAKS16FU	L	2016-12-09	1668	1.76038E-08	5.55176E-10	3.632	0.115	0.05077	0.01928	1.44879	0.03878
RAKS16PQ	C	2017-04-24	4828	7.0458E-09	2.19998E-10	1.453	0.045	0	0	3.80955	0.01951
RAKS16PX	C	2017-04-27	4828	1.12619E-09	1.23181E-11	0.232	0.003	0	0	2.20321	0.03826
RAKS18EH	C	2017-11-11	4828	5.99892E-08	5.99016E-09	12.375	1.236	0.49119	0.04851	5.67192	0.95014
RAKS18EH	L	2017-11-11	1668	1.95102E-09	5.48774E-11	0.402	0.011	0	0	3.661	0.01202
RAKS18EV	C	2017-11-19	4828	7.86005E-09	2.31487E-10	1.622	0.048	0	0	2.03002	0.07221
RAKS18EZ	C	2017-11-21	4828	4.69186E-10	1.75238E-11	0.097	0.004	0	0	0.78863	0.02061
RAKS18EZ	K	2017-11-21	22236	1.01037E-10	4.10864E-12	0.021	0.001	0	0	1.04496	0.03473
RAKS18HB	C	2017-12-14	4828	4.55347E-09	8.06587E-11	0.939	0.017	0.12713	0.02741	3.85566	0.06264
RAKS18NJ	L	2018-02-21	1668	7.13359E-09	3.45597E-10	1.472	0.071	0	0	1.87792	0.02788
RAKS18NJ	C	2018-02-21	4828	1.22484E-08	1.01599E-09	2.527	0.210	0.10754	0.022	3.11916	0.06568
RAKS18OJ	K	2018-03-06	22236	2.4999E-10	2.86499E-12	0.052	0.001	0	0	1.634	0.00677
RAKS18OX	C	2018-03-11	4828	1.9996E-09	1.43403E-10	0.412	0.030	0	0	3.02817	0.03539
RAKS18OX	K	2018-03-11	22236	1.25163E-09	1.68955E-10	0.258	0.035	0	0	5.47066	0.41614
RAKS18RO	C	2018-04-19	4828	5.73383E-09	9.20905E-10	1.183	0.190	0.07482	0.02063	4.17538	0.70632
RAKS18RO	K	2018-04-19	22236	1.08615E-09	5.61734E-11	0.224	0.012	0.05299	0.03258	2.63158	0.07119
RAKS18RQ	L	2018-04-20	1668	1.95111E-09	1.40063E-10	0.402	0.029	0	0	1.95371	0.02475
RAKS18RU	C	2018-04-24	4828	5.32391E-09	1.23063E-10	1.098	0.025	0.11334	0.01239	2.18451	0.02872