3.37565E7	1.43298
3.37565E7	1.43298
3.40985E7	1.91847
3.40985E7	1.91847
3.42421E7	2.82839
3.42421E7	2.82839
3.43194E7	1.10573
3.43194E7	1.10573
3.4599E7	1.90991
3.4599E7	1.90991
3.47878E7	2.83426
3.47878E7	2.83426
3.52366E7	1.91656
3.52366E7	1.91656
3.54684E7	3.04139
3.54684E7	3.04139
4.54546E7	0.81226
4.54546E7	0.81226
4.75482E7	0.82942
4.75482E7	0.82942
4.85134E7	0.82736
4.85134E7	0.82736
5.26641E7	1.25362
5.26641E7	1.25362
5.32701E7	1.10958
5.32701E7	1.10958
5.38166E7	1.11397
5.38166E7	1.11397
5.38241E7	0.82302
5.38241E7	0.82302
5.43018E7	1.51315
5.43018E7	1.51315
5.49272E7	0.74284
5.49272E7	0.74284
7.50778E7	4.16098
7.50778E7	4.16098
7.72892E7	5.11032
7.72892E7	5.11032
7.94134E7	6.88567
7.94134E7	6.88567
1.15088E8	0.02678
1.15088E8	0.02678
1.15213E8	1.70146
1.15213E8	1.70146
1.15278E8	0.03782
1.15278E8	0.03782
1.15579E8	1.22549
1.15579E8	1.22549
1.15684E8	0.03123
1.15684E8	0.03123
1.16156E8	1.18806
1.16156E8	1.18806
1.16418E8	0.03238
1.16418E8	0.03238
1.16937E8	1.72847
1.16937E8	1.72847
1.17117E8	0.0336
1.17117E8	0.0336
1.1791E8	1.43129
1.1791E8	1.43129
1.18125E8	0.0355
1.18125E8	0.0355
1.19064E8	1.62791
1.19064E8	1.62791
1.19311E8	0.06886
1.19311E8	0.06886
1.20384E8	2.22022
1.20384E8	2.22022
3.49512E8	0.79371
3.49512E8	0.79371
3.59943E8	0.85493
3.59943E8	0.85493
3.69965E8	0.79738
3.69965E8	0.79738
3.79542E8	0.98251
3.79542E8	0.98251
3.88642E8	0.99864
3.88642E8	0.99864
3.8885E8	0.8705
3.8885E8	0.8705
3.97163E8	0.94866
3.97163E8	0.94866
4.11107E8	1.62765
4.11107E8	1.62765
4.18173E8	0.9159
4.18173E8	0.9159
4.20973E8	1.57846
4.20973E8	1.57846
4.2295E8	1.61486
4.2295E8	1.61486
4.24648E8	0.91681
4.24648E8	0.91681
4.30512E8	1.28057
4.30512E8	1.28057
4.30551E8	1.29357
4.30551E8	1.29357
4.35031E8	1.49111
4.35031E8	1.49111
4.35749E8	0.83031
4.35749E8	0.83031
4.39708E8	1.64796
4.39708E8	1.64796
4.40347E8	0.90454
4.40347E8	0.90454
4.4397E8	1.36149
4.4397E8	1.36149
4.44171E8	0.94785
4.44171E8	0.94785
4.48403E8	1.83473
4.48403E8	1.83473
4.52428E8	1.15425
4.52428E8	1.15425
4.56599E8	1.71033
4.56599E8	1.71033
4.6037E8	1.15076
4.6037E8	1.15076
4.64017E8	1.13372
4.64017E8	1.13372
4.67763E8	1.63983
4.67763E8	1.63983
4.74579E8	1.13732
4.74579E8	1.13732
4.80593E8	1.35795
4.80593E8	1.35795
5.54552E8	2.33871
5.54552E8	2.33871
5.54585E8	2.4541
5.54585E8	2.4541
7.83962E8	0.39312
7.83962E8	0.39312
3.77385E9	0.22344
3.77385E9	0.22344
3.78255E9	0.23752
3.78255E9	0.23752
3.79114E9	0.24306
3.79114E9	0.24306
3.79957E9	0.25109
3.79957E9	0.25109
4.26236E9	0.61958
4.26236E9	0.61958
4.28871E9	0.55186
4.28871E9	0.55186
4.30719E9	0.24622
4.30719E9	0.24622
4.31082E9	0.57436
4.31082E9	0.57436
4.33309E9	0.17771
4.33309E9	0.17771
4.34123E9	0.57572
4.34123E9	0.57572
4.35892E9	0.21877
4.35892E9	0.21877
4.3674E9	0.48587
4.3674E9	0.48587
4.39348E9	0.42467
4.39348E9	0.42467
5.68387E9	0.10621
5.68387E9	0.10621
5.69822E9	0.10423
5.69822E9	0.10423
5.71221E9	0.06883
5.71221E9	0.06883
5.72581E9	0.08523
5.72581E9	0.08523
5.73902E9	0.1043
5.73902E9	0.1043
5.75183E9	0.09127
5.75183E9	0.09127
5.76383E9	0.1063
5.76383E9	0.1063
6.6539E9	0.09521
6.6539E9	0.09521
6.66551E9	0.20043
6.66551E9	0.20043
6.67348E9	0.15355
6.67348E9	0.15355
6.67714E9	0.17192
6.67714E9	0.17192
6.68563E9	0.17903
6.68563E9	0.17903
6.69781E9	0.14894
6.69781E9	0.14894
6.7004E9	0.11141
6.7004E9	0.11141
6.71002E9	0.16507
6.71002E9	0.16507
6.72223E9	0.14827
6.72223E9	0.14827
6.73443E9	0.13243
6.73443E9	0.13243
6.89735E9	0.08157
6.89735E9	0.08157
6.91103E9	0.08999
6.91103E9	0.08999
6.92354E9	0.10424
6.92354E9	0.10424
6.93734E9	0.09662
6.93734E9	0.09662
6.95156E9	0.10987
6.95156E9	0.10987
7.19423E9	0.05644
7.19423E9	0.05644
7.20807E9	0.04863
7.20807E9	0.04863
7.22252E9	0.05424
7.22252E9	0.05424
7.23712E9	0.05348
7.23712E9	0.05348
7.23981E9	0.09994
7.23981E9	0.09994
7.25185E9	0.0451
7.25185E9	0.0451
7.25908E9	0.08937
7.25908E9	0.08937
7.2667E9	0.05873
7.2667E9	0.05873
8.36803E9	0.09942
8.36803E9	0.09942
8.36866E9	0.10425
8.36866E9	0.10425
8.36919E9	0.11753
8.36919E9	0.11753
8.36958E9	0.0963
8.36958E9	0.0963
8.3698E9	0.1268
8.3698E9	0.1268
8.36982E9	0.10465
8.36982E9	0.10465
8.36989E9	0.10906
8.36989E9	0.10906
8.44989E9	0.19069
8.44989E9	0.19069
8.45814E9	0.15176
8.45814E9	0.15176
8.46605E9	0.17706
8.46605E9	0.17706
8.47362E9	0.15153
8.47362E9	0.15153
8.48085E9	0.1488
8.48085E9	0.1488
8.48772E9	0.17904
8.48772E9	0.17904
8.76658E9	0.15242
8.76658E9	0.15242
8.76721E9	0.08718
8.76721E9	0.08718
8.76775E9	0.08869
8.76775E9	0.08869
8.79229E9	0.13317
8.79229E9	0.13317
8.79261E9	0.13732
8.79261E9	0.13732
8.79287E9	0.14327
8.79287E9	0.14327
8.79307E9	0.15039
8.79307E9	0.15039
8.7932E9	0.13488
8.7932E9	0.13488
8.79324E9	0.12703
8.79324E9	0.12703
1.11755E10	0.15708
1.11755E10	0.15708
1.11894E10	0.10531
1.11894E10	0.10531
1.1203E10	0.113
1.1203E10	0.113
1.12161E10	0.11114
1.12161E10	0.11114
1.12288E10	0.07667
1.12288E10	0.07667
1.12411E10	0.12265
1.12411E10	0.12265
1.17953E10	0.14639
1.17953E10	0.14639
1.18105E10	0.11628
1.18105E10	0.11628
1.18252E10	0.13633
1.18252E10	0.13633
1.25575E10	0.08213
1.25575E10	0.08213
1.25622E10	0.06882
1.25622E10	0.06882
1.2567E10	0.06317
1.2567E10	0.06317
1.25719E10	0.04093
1.25719E10	0.04093
1.25769E10	0.07168
1.25769E10	0.07168
1.25822E10	0.04087
1.25822E10	0.04087
1.25874E10	0.0382
1.25874E10	0.0382
1.46185E10	0.20952
1.46185E10	0.20952
1.4624E10	0.10867
1.4624E10	0.10867
1.4629E10	0.12275
1.4629E10	0.12275
1.46336E10	0.11157
1.46336E10	0.11157
1.46378E10	0.12605
1.46378E10	0.12605
1.46416E10	0.10818
1.46416E10	0.10818
1.46449E10	0.09995
1.46449E10	0.09995