2472816.51559	1.72836
2472816.51559	1.72836
2490878.2887	2.0452
2490878.2887	2.0452
2496682.61893	2.09982
2496682.61893	2.09982
2497002.845	2.1404
2497002.845	2.1404
2514924.45008	2.07666
2514924.45008	2.07666
2543270.22676	2.12071
2543270.22676	2.12071
2544264.44767	2.11744
2544264.44767	2.11744
2595424.47782	1.6488
2595424.47782	1.6488
2717581.14203	1.85432
2717581.14203	1.85432
2838559.44224	1.86221
2838559.44224	1.86221
3578996.44852	1.69615
3578996.44852	1.69615
3648450.11813	1.87251
3648450.11813	1.87251
3713740.60689	1.90264
3713740.60689	1.90264
3831523.65428	2.26502
3831523.65428	2.26502
3931712.90378	1.98285
3931712.90378	1.98285
5180250.75242	1.341
5180250.75242	1.341
5239886.46191	1.32066
5239886.46191	1.32066
5286646.92349	1.80449
5286646.92349	1.80449
5342075.89029	1.57145
5342075.89029	1.57145
5384639.09025	1.49626
5384639.09025	1.49626
5421551.36326	1.44805
5421551.36326	1.44805
5452663.18058	1.67661
5452663.18058	1.67661
5564743.18463	2.0217
5564743.18463	2.0217
5612958.54168	1.98
5612958.54168	1.98
5659336.24355	1.7901
5659336.24355	1.7901
7496745.36303	1.29688
7496745.36303	1.29688
7503445.52014	1.33876
7503445.52014	1.33876
1.3831E7	2.04786
1.3831E7	2.04786
1.39035E7	2.12658
1.39035E7	2.12658
1.39377E7	2.14485
1.39377E7	2.14485
1.43403E7	1.94732
1.43403E7	1.94732
1.48625E7	1.87182
1.48625E7	1.87182
1.53998E7	1.6049
1.53998E7	1.6049
1.5947E7	1.88086
1.5947E7	1.88086
1.64992E7	1.76213
1.64992E7	1.76213
1.70523E7	1.91774
1.70523E7	1.91774
1.76023E7	1.87431
1.76023E7	1.87431
2.47439E7	0.67119
2.47439E7	0.67119
2.88121E7	0.62164
2.88121E7	0.62164
3.00165E7	1.63025
3.00165E7	1.63025
3.04535E7	1.53593
3.04535E7	1.53593
3.09091E7	1.52107
3.09091E7	1.52107
3.10534E7	3.67291
3.10534E7	3.67291
3.12357E7	1.63483
3.12357E7	1.63483
3.1303E7	1.49347
3.1303E7	1.49347
3.15243E7	3.66956
3.15243E7	3.66956
3.18384E7	3.68779
3.18384E7	3.68779
3.23289E7	1.87694
3.23289E7	1.87694
3.23582E7	3.55828
3.23582E7	3.55828
3.28704E7	1.75613
3.28704E7	1.75613
3.28775E7	3.59525
3.28775E7	3.59525
3.30305E7	0.76475
3.30305E7	0.76475
3.3511E7	0.78069
3.3511E7	0.78069
3.39105E7	1.71768
3.39105E7	1.71768
3.39831E7	0.82785
3.39831E7	0.82785
3.4054E7	1.05642
3.4054E7	1.05642
3.4369E7	1.03717
3.4369E7	1.03717
3.46651E7	1.05471
3.46651E7	1.05471
3.50268E7	0.6049
3.50268E7	0.6049
3.52573E7	0.79998
3.52573E7	0.79998
3.55715E7	0.61767
3.55715E7	0.61767
3.57347E7	0.98345
3.57347E7	0.98345
3.61194E7	0.56593
3.61194E7	0.56593
3.658E7	0.66711
3.658E7	0.66711
4.43288E7	1.15414
4.43288E7	1.15414
4.43551E7	1.15403
4.43551E7	1.15403
4.43786E7	1.13222
4.43786E7	1.13222
4.43993E7	1.23952
4.43993E7	1.23952
4.53662E7	1.16501
4.53662E7	1.16501
4.53756E7	1.13336
4.53756E7	1.13336
4.53786E7	1.22441
4.53786E7	1.22441
5.23825E7	1.50123
5.23825E7	1.50123
5.25277E7	1.43361
5.25277E7	1.43361
5.26781E7	1.43077
5.26781E7	1.43077
5.28318E7	1.47802
5.28318E7	1.47802
5.29869E7	1.3703
5.29869E7	1.3703
5.31411E7	1.54328
5.31411E7	1.54328
5.32917E7	1.54987
5.32917E7	1.54987
5.01688E8	0.06465
5.01688E8	0.06465
5.04445E8	0.06411
5.04445E8	0.06411
5.07276E8	0.06338
5.07276E8	0.06338
5.10084E8	0.05968
5.10084E8	0.05968
5.12868E8	0.0446
5.12868E8	0.0446
5.15625E8	0.05697
5.15625E8	0.05697
5.18355E8	0.06005
5.18355E8	0.06005
5.25585E8	0.17107
5.25585E8	0.17107
5.2657E8	0.10565
5.2657E8	0.10565
5.27545E8	0.09243
5.27545E8	0.09243
5.28128E8	0.11701
5.28128E8	0.11701
5.2851E8	0.12682
5.2851E8	0.12682
5.28884E8	0.08365
5.28884E8	0.08365
5.29083E8	0.11239
5.29083E8	0.11239
5.29464E8	0.13431
5.29464E8	0.13431
5.29799E8	0.0803
5.29799E8	0.0803
5.30025E8	0.08591
5.30025E8	0.08591
5.30407E8	0.13661
5.30407E8	0.13661
5.3054E8	0.1232
5.3054E8	0.1232
5.30701E8	0.08753
5.30701E8	0.08753
5.30955E8	0.11121
5.30955E8	0.11121
5.31337E8	0.15352
5.31337E8	0.15352
5.3135E8	0.02964
5.3135E8	0.02964
5.31551E8	0.09417
5.31551E8	0.09417
5.31871E8	0.11276
5.31871E8	0.11276
5.3255E8	0.08948
5.3255E8	0.08948
5.32772E8	0.11216
5.32772E8	0.11216
5.33535E8	0.09988
5.33535E8	0.09988
5.33659E8	0.11525
5.33659E8	0.11525
5.34506E8	0.12131
5.34506E8	0.12131
5.35462E8	0.11734
5.35462E8	0.11734
5.36399E8	0.11906
5.36399E8	0.11906
6.39405E8	0.05573
6.39405E8	0.05573
6.41077E8	0.03527
6.41077E8	0.03527
6.41816E8	0.0571
6.41816E8	0.0571
6.42589E8	0.05175
6.42589E8	0.05175
6.42722E8	0.03786
6.42722E8	0.03786
6.43353E8	0.04058
6.43353E8	0.04058
6.43991E8	0.05527
6.43991E8	0.05527
6.4434E8	0.06235
6.4434E8	0.06235
6.4593E8	0.05107
6.4593E8	0.05107
6.46246E8	0.05416
6.46246E8	0.05416
6.47493E8	0.03897
6.47493E8	0.03897
6.47949E8	0.0533
6.47949E8	0.0533
6.49022E8	0.05416
6.49022E8	0.05416
6.49619E8	0.04996
6.49619E8	0.04996
6.51256E8	0.05966
6.51256E8	0.05966
6.52862E8	0.05457
6.52862E8	0.05457
6.54424E8	0.05636
6.54424E8	0.05636
7.12563E8	0.03378
7.12563E8	0.03378
7.12996E8	0.01407
7.12996E8	0.01407
7.13401E8	0.00538
7.13401E8	0.00538
7.1376E8	0.00952
7.1376E8	0.00952
7.1413E8	0.01499
7.1413E8	0.01499
7.23107E8	0.0087
7.23107E8	0.0087
7.23498E8	0.00673
7.23498E8	0.00673
7.23836E8	0.00214
7.23836E8	0.00214
7.24177E8	0.01122
7.24177E8	0.01122
7.245E8	0.01238
7.245E8	0.01238
7.47439E8	0.01927
7.47439E8	0.01927
7.47614E8	0.0187
7.47614E8	0.0187
7.47767E8	0.01263
7.47767E8	0.01263
7.47898E8	0.01545
7.47898E8	0.01545
7.48007E8	0.00828
7.48007E8	0.00828
7.48091E8	0.01089
7.48091E8	0.01089
7.48152E8	0.01075
7.48152E8	0.01075
7.49341E8	0.11043
7.49341E8	0.11043
7.49423E8	0.06213
7.49423E8	0.06213
7.49435E8	0.06034
7.49435E8	0.06034
7.49478E8	0.07022
7.49478E8	0.07022
7.49487E8	0.07106
7.49487E8	0.07106
7.49508E8	0.06192
7.49508E8	0.06192
7.49511E8	0.07015
7.49511E8	0.07015
7.91409E8	0.07845
7.91409E8	0.07845
7.9241E8	0.06173
7.9241E8	0.06173
7.93417E8	0.05505
7.93417E8	0.05505
7.94271E8	0.06321
7.94271E8	0.06321
8.09867E8	0.0462
8.09867E8	0.0462
8.10984E8	0.04995
8.10984E8	0.04995
8.12113E8	0.04499
8.12113E8	0.04499
8.12833E8	0.05352
8.12833E8	0.05352
8.13362E8	0.02266
8.13362E8	0.02266
8.13981E8	0.05685
8.13981E8	0.05685
8.14513E8	0.0177
8.14513E8	0.0177
8.15719E8	0.0174
8.15719E8	0.0174
8.15741E8	0.02914
8.15741E8	0.02914
8.1694E8	0.01993
8.1694E8	0.01993
8.17011E8	0.02482
8.17011E8	0.02482
8.18174E8	0.02005
8.18174E8	0.02005
8.1852E8	0.02694
8.1852E8	0.02694
8.19421E8	0.01967
8.19421E8	0.01967
8.19668E8	0.13782
8.19668E8	0.13782
8.20031E8	0.02527
8.20031E8	0.02527
8.20679E8	0.01916
8.20679E8	0.01916
8.20827E8	0.08466
8.20827E8	0.08466
8.20903E8	0.05535
8.20903E8	0.05535
8.21967E8	0.10204
8.21967E8	0.10204
8.22085E8	0.04735
8.22085E8	0.04735
8.22338E8	0.08403
8.22338E8	0.08403
8.23088E8	0.05851
8.23088E8	0.05851
8.23252E8	0.03941
8.23252E8	0.03941
8.23576E8	0.04819
8.23576E8	0.04819
8.24192E8	0.02294
8.24192E8	0.02294
8.2422E8	0.04676
8.2422E8	0.04676
8.24796E8	0.05081
8.24796E8	0.05081
8.25221E8	0.12079
8.25221E8	0.12079
8.25999E8	0.0493
8.25999E8	0.0493
8.26347E8	0.07256
8.26347E8	0.07256
8.27184E8	0.05118
8.27184E8	0.05118
8.28282E8	0.04145
8.28282E8	0.04145
8.29496E8	0.04521
8.29496E8	0.04521
8.45783E8	0.0305
8.45783E8	0.0305
8.46423E8	0.03118
8.46423E8	0.03118
8.47031E8	0.02898
8.47031E8	0.02898
8.47608E8	0.03595
8.47608E8	0.03595
8.48151E8	0.02944
8.48151E8	0.02944
8.48663E8	0.02927
8.48663E8	0.02927
8.49141E8	0.05254
8.49141E8	0.05254